MM  3    3    0    0    0    0    0    0    0    0    0    0    3               
s   8    0   360.000   1.00000   1.00000 F 4 F F T              
01_2009
/Users/ljones/modtran/DATA/
A+  0    0    0    0    0    0   0.00000   0.00000   0.00000   0.00000   1.50000
        0.        3.        1.                            2.       11.        1.
       10.       35.        1.                           30.      100.        1.
     2.200     0.000     0.000     0.000     0.000     0.000    0          0.000
     290.0    1150.0     0.100      0.20TN      $ NGAA                          
    0                                                                           
